0 202012356 1234 김정인 01021567598
0 202012489 5678 박수영 01020531426
0 202012155 9012 이민혁 01023654895
0 202012035 1234 김건우 01020123654
0 202012011 5678 박소혜 01029874563
0 202010532 9012 최지민 01028453210
0 201914056 1234 김선민 01012569865
0 201914326 5678 박선경 01032548965
0 201913265 9012 문수준 01031245698
0 201912485 1234 이수빈 01030125698
0 201912068 5678 김정현 01033651247
0 201910510 9012 박준석 01034561245
0 201910432 1234 최지연 01035984410
0 201813098 5678 이정훈 01036985214
0 201812685 9012 문정욱 01080213654
0 201812425 1234 박재건 01086245364
0 201812302 5678 이재인 01088624523
0 201812684 9012 최수경 01089531546
0 201811562 1234 김소연 01081236498
0 201810840 5678 박건영 01082016545
0 201810321 9012 이민경 01083658426
0 201810201 1234 황석진 01084563210
0 201714255 5678 최희정 01085201473
0 201714165 9012 최정민 01051565253
0 201713754 1234 박희선 01052156356
0 201713120 5678 정소미 01053215645
0 201712614 9012 김혜미 01054895632
0 201712345 1234 최태곤 01055632149
0 201711440 5678 이종혁 01056214882
0 201710521 9012 박수홍 01057624135
0 201710121 1234 남정현 01059613256
0 201610328 5678 황정훈 01058582214
0 201619512 9012 고미성 01029563126
0 201616574 1234 최연경 01028616565
0 201612354 5678 김민경 01027646565
0 201616102 9012 박지성 01026565466
0 201611212 1234 강일동 01025416856
0 201612523 5678 이민수 01023651256
0 201611420 9012 최일석 01022015656
0 201612012 1234 박민정 01021565658
0 201513467 5678 권현민 01024156852
0 201519876 9012 윤미라 01069532154
0 201515432 1234 이선영 01068410123
0 201511321 5678 박채영 01067213635
0 201517410 9012 한장만 01066141401
0 201518520 1234 김서희 01065123541
0 201519632 5678 박도영 01064101252
0 201511346 9012 최연혁 01063255510
0 201412569 1234 전성규 01062534785
0 201411357 5678 서족예 01011263558
0 201416759 9012 신나면 01013525910
0 201418432 1234 김예나 01014210526
0 201419510 5678 송나무 01015015256
0 201413698 9012 류현진 01016154850
0 201412587 1234 박태경 01017612105
0 201410147 5678 양곡이 01018632104
1 201510000 1234 소곡이 01018632103
2 201510001 5678 이은수 01018632102
3 201510002 9012 김성규 01018632101
4 201510003 1234 연승우 01018632100
1 201511001 5678 유연우 01017362001
1 201411002 9012 이효인 01017362002
1 201411003 5678 서주현 01017362003
1 201311004 9012 김도현 01017362004
2 201312005 1234 김도림 01017362005
